
1.1 7 1.2 10 1.3 8 1.4 2
1.5 10 2.1 0 2.2 0,73 3.1 0
3.2 3 3.3 0 3.4 7 3.5 0,45
3.6 5 3.7 2 3.8 1 3.9 0
3.10 10 4.1 9 4.2 5 4.3 0,59
4.4 0,21 4.5 0,23 5.1 7 5.2 0,34
5.3 4 5.4 7 5.5 3 6.1 3
6.2 8 7.1 10 7.2 5 7.3 8
8.1 6 8.2 3 8.3 1 9.1 8
9.2 10 9.3 9 9.4 0,94 10.1 0
10.2 9 10.3 0 11.1 0,05 11.2 0,03
11.3 0,14 11.4 1 12.1 9 12.2 0
12.3 0,94 12.4 9 13.1 6 13.2 7
13.3 7 14.1 0 14.2 10 14.3 7
15.1 0,84 15.2 0,85 15.3 0,82 15.4 0,44
15.5 0,51 16.1 10 16.2 0 16.3 10
16.4 0,02 16.5 0 16.6 8 16.7 0,34
16.8 10 17.1 10 17.2 9 17.3 0,26
18.1 0,71 18.2 0,71 18.3 10 19.1 4
19.2 3 20.1 6 20.2 0,34 20.3 0,11
20.4 0,54 20.5 0 20.6 0,11 20.7 0,87
21.1 0 21.2 6 22.1 9 22.2 10
22.3 8 22.4 0 23.1 0,63 23.2 10
23.3 7 23.4 0,36 23.5 0,78 23.6 5
23.7 5
